2.8793119144057
1.59153535293143
4.08958398746545
0.990783664296288
6.32895582641101
4.30578574007161
9.35227785808247
-0.793603428159658
13.2279455121243
4.24649197963116
9.64524725620931
7.64654958294734
9.16699514885703
9.51128486917454
-3.75674492005117
1.82454574446422
9.59884867638095
6.44833724729827
0.381476354604457
-2.59278594227013
0.363243337680456
-2.20579699797084
0.0957718019319111
3.84359519479305
7.28533306139459
7.90212754837857
3.63523587468013
10.4690956878835
4.06432484167498
7.12996530815141
13.0756328728385
-2.0766987689035
6.6547373301927
-2.21950810165424
3.69698294639755
2.59709630905462
10.1214710655991
9.23378792951804
7.36769225391094
2.21126370246282
1.00019935314061
7.65616251115896
5.46256807264898
14.1791912350496
4.83253225479789
-8.89355179177962
4.68866244107496
10.0756714192432
5.05808914480097
4.04858819347171
5.12094795017413
8.54901567762709
-3.11303333271646
3.67652523411508
-4.75681538210139
3.96017402766092
1.8688305384574
-4.75237865272451
4.54259274854034
11.5366348712896
17.7967849881023
-0.133270630827155
3.56447652912055
8.40788054648523
8.58604650388697
7.44857574490882
10.3169239228485
6.53985848158661
9.27863332515759
8.3228791552558
5.31511203983785
11.040820771014
3.8753576530571
6.00389516595607
0.373703225329668
0.987770738512704
-0.475735966687649
3.52792406497038
1.76787279688899
7.01005547369865
-0.347377904305319
10.1780250892776
9.89457021190314
2.25362349368608
8.56495360080671
1.26196595577021
1.74191743017382
-1.69467544772736
13.8348543868117
6.35260046337505
0.293613579833786
10.4826419676394
10.5543460275795
6.39683641892834
4.71618457744031
4.39148425666516
-3.52499558236877
3.68859372972825
7.32847623268091
2.09075571950032
100
200
300
400
900
700
5
4
3
0
